-143.0000
-114.0000
4609.000
7309.000
3372.000    
-2305.000
-885.0000
6750.000
9453.000
2705.000    
-4159.000
-2192.000
5697.000
10021.00
5265.000    
-3613.000
-5073.000
3978.000
11252.00
6387.000    
-2903.000
-3578.000
3737.000
8423.000
5460.000    
220.0000
-636.0000
2385.000
4768.000
4436.000    
2388.000
1385.000
2873.000
3788.000
2116.000    
1195.000
2915.000
4690.000
4508.000
2387.000    
-160.0000
110.0000
4193.000
7234.000
4307.000    
-828.0000
-718.0000
3518.000
5307.000
3764.000    
2353.000
2233.000
2239.000
2094.000
2912.000    
4469.000
4185.000
1824.000
1315.000
3277.000    
3268.000
1630.000
3067.000
5462.000
3138.000    
-884.0000
345.0000
4791.000
5893.000
3503.000    
821.0000
-353.0000
1791.000
5900.000
6255.000    
1642.000
-1291.000
1486.000
5374.000
5260.000    
2756.000
1600.000
1799.000
2176.000
3066.000    
3905.000
3607.000
2877.000
2611.000
2260.000    
1415.000
1292.000
3279.000
5626.000
4749.000    
1084.000
-859.0000
969.0000
3998.000
5660.000    
5715.000
3439.000
-962.0000
-2186.000
3435.000    
9252.000
6440.000
-1816.000
-3725.000
3482.000    
8978.000
5067.000
-1797.000
-1843.000
4082.000    
7267.000
3923.000
-473.0000
92.00000
4564.000    
8977.000
10341.00
6017.000
776.0000
2624.000    
4891.000
-2723.000
-10045.00
-3306.000
6223.000    
2759.000
-3525.000
318.0000
5871.000
5398.000    
4405.000
5541.000
4640.000
1613.000
1088.000    
4075.000
6975.000
7297.000
4979.000
-191.0000    
-5025.000
-3218.000
3544.000
7349.000
6868.000    
4538.000
1515.000
1324.000
4150.000
4074.000    
193.0000
-1834.000
816.0000
5342.000
7432.000    
5095.000
220.0000
-2140.000
1378.000
6289.000    
5903.000
2783.000
1975.000
1998.000
1745.000    
2526.000
3559.000
4088.000
4095.000
2742.000    
-67.00000
-1822.000
1117.000
7147.000
8849.000    
3393.000
-2309.000
-1612.000
3196.000
6526.000    
5602.000
1122.000
-2172.000
-596.0000
3867.000    
6623.000
4783.000
375.0000
-493.0000
4133.000    
8130.000
6212.000
1578.000
226.0000
1631.000