6.274999975
6.649999892
7
7.300000158
7.441666725
7.908333342
9.04166675
10.63333333
10.86666667
11.24166667
11.85
12.1
12.625
12.56666667
12.73333333
13.30833333
13.98333333
13.74166667
13.88333333
13.81666667
14.1
14.16666667
14.425
14.36666667
14.65833333
15
15.475
15.98333333
16.333333
17.04166642
18.19166708
18.35833325
21.075
33.23333383
36.42500025
38.81666658
43.89166633
46.18333342
62.41666708
86.08333325
104.6500002
103.4166672
97.22499992
99.35833358
95.91666567
77.63333342
77.87499992
78.083334
81.675
99.25000017
94.64166833
90.70833333
90.29166792
88.78333283
88.0916665
99.17499933
99.841666
89.98333433
91.40833217
129.6666675
129.283335
115.4833333
139.4916658
160.4916683
208.5499983
234.8583317
251.45275
334.4050025
239.7780825
275.1323325
337.122835
